10.0
30.0
35.0
35.0
50.0
65.0
80.0
75.0
90.0
95.0
100.0
95.0
80.0
100.0
100.0
90.0
100.0
90.0
100.0
95.0
100.0
70.0
90.0
95.0
100.0
100.0
95.0
100.0
100.0
100.0
100.0
95.0
100.0
85.0
100.0
95.0
100.0
100.0
30.0
30.0
80.0
80.0
95.0
100.0
100.0
100.0
30.0
65.0
85.0
80.0
45.0
80.0
70.0
95.0
90.0
95.0
70.0
55.0
100.0
95.0
100.0
55.0
40.0
100.0
100.0
100.0
100.0
100.0
100.0
100.0
100.0
100.0
85.0
100.0
100.0
100.0
95.0
100.0
100.0
100.0
100.0
100.0
100.0
100.0
100.0
100.0
100.0
100.0
100.0
100.0
100.0
100.0
100.0
100.0
95.0
100.0
100.0
100.0
95.0
35.0