10.0
0.0
0.0
0.0
0.0
5.0
0.0
30.0
100.0
100.0
100.0
100.0
90.0
95.0
25.0
15.0
25.0
85.0
100.0
100.0
100.0
100.0
60.0
85.0
100.0
100.0
100.0
100.0
95.0
95.0
95.0
100.0
95.0
100.0
100.0
100.0
100.0
100.0
100.0
100.0
100.0
95.0
100.0
80.0
60.0
85.0
100.0
100.0
95.0
100.0
100.0
100.0
100.0
100.0
90.0
100.0
100.0
100.0
100.0
100.0
100.0
100.0
95.0
100.0
95.0
100.0
100.0
100.0
30.0
20.0
40.0
60.0
100.0
100.0
95.0
100.0
95.0
100.0
65.0
25.0
85.0
85.0
100.0
100.0
100.0
100.0
100.0
100.0
100.0
100.0
100.0
100.0
100.0
95.0
95.0
100.0
90.0
100.0
95.0
40.0
5.0
60.0
100.0
95.0
95.0
95.0
80.0
100.0
100.0
100.0
100.0
100.0
100.0
95.0
100.0
100.0
100.0
100.0
100.0
100.0
100.0
100.0
95.0
100.0
95.0
100.0
100.0
95.0
60.0
95.0
100.0
70.0
30.0
40.0
100.0
95.0
100.0
100.0
100.0
