10.0
20.0
15.0
25.0
40.0
45.0
20.0
20.0
60.0
60.0
95.0
100.0
90.0
80.0
45.0
80.0
40.0
65.0
50.0
20.0
40.0
70.0
20.0
30.0
50.0
35.0
40.0
45.0
85.0
90.0
95.0
95.0
45.0
20.0
55.0
40.0
45.0
40.0
40.0
10.0
75.0
90.0
80.0
70.0
40.0
40.0
70.0
65.0
35.0
25.0
15.0
30.0
35.0
80.0
45.0
50.0
55.0
90.0
20.0
20.0
80.0
55.0
35.0
55.0
15.0
35.0
10.0
30.0
40.0
45.0
75.0
25.0
55.0
45.0
45.0
25.0
40.0
35.0
45.0
45.0
65.0
35.0
55.0
40.0
65.0
45.0
50.0
40.0
45.0
55.0
80.0
85.0
30.0
40.0
55.0
10.0
45.0
50.0
70.0
40.0
90.0
50.0
50.0
40.0
75.0
40.0
25.0
30.0
55.0
30.0
35.0
35.0
70.0
40.0
55.0
45.0
95.0
100.0
100.0
75.0
45.0
60.0
55.0
40.0
20.0
55.0
30.0
45.0
25.0
50.0
70.0
70.0
75.0
35.0
45.0
65.0
65.0
45.0
85.0
35.0
35.0
35.0
50.0
30.0
95.0
85.0
50.0
40.0
15.0
30.0
50.0
